lora_weight:
{'base_model.model.model.layers.0.self_attn.q_proj.lora_A.weight': Parameter containing:
tensor([[ 0.0190, -0.0201, -0.0014,  ..., -0.0024, -0.0114, -0.0020],
        [ 0.0158, -0.0036,  0.0173,  ...,  0.0080, -0.0075, -0.0050],
        [-0.0213,  0.0006, -0.0021,  ...,  0.0054,  0.0133,  0.0184],
        ...,
        [-0.0019, -0.0145,  0.0099,  ...,  0.0173, -0.0097, -0.0028],
        [ 0.0134, -0.0081,  0.0107,  ...,  0.0231, -0.0027, -0.0012],
        [ 0.0154, -0.0055,  0.0084,  ..., -0.0058,  0.0063,  0.0181]],
       device='cuda:0', requires_grad=True), 'base_model.model.model.layers.0.self_attn.q_proj.lora_B.weight': Parameter containing:
tensor([[-0.0018,  0.0018, -0.0007,  ..., -0.0007,  0.0015,  0.0006],
        [ 0.0019,  0.0010,  0.0029,  ..., -0.0010, -0.0005,  0.0020],
        [ 0.0008,  0.0007, -0.0008,  ...,  0.0011, -0.0024,  0.0007],
        ...,
        [-0.0002, -0.0015,  0.0009,  ...,  0.0004, -0.0016,  0.0017],
        [-0.0003, -0.0036, -0.0007,  ...,  0.0038,  0.0005, -0.0011],
        [ 0.0009, -0.0004, -0.0003,  ...,  0.0015,  0.0012, -0.0014]],
       device='cuda:0', requires_grad=True), 'base_model.model.model.layers.0.self_attn.k_proj.lora_A.weight': Parameter containing:
tensor([[ 0.0120, -0.0175,  0.0164,  ..., -0.0044,  0.0014,  0.0201],
        [-0.0027, -0.0143,  0.0138,  ..., -0.0175,  0.0146,  0.0067],
        [ 0.0014,  0.0179, -0.0183,  ..., -0.0037,  0.0081, -0.0093],
        ...,
        [ 0.0018, -0.0175, -0.0017,  ...,  0.0109,  0.0002,  0.0200],
        [ 0.0149,  0.0160, -0.0149,  ...,  0.0043,  0.0219,  0.0115],
        [-0.0200,  0.0075, -0.0109,  ..., -0.0160,  0.0120,  0.0123]],
       device='cuda:0', requires_grad=True), 'base_model.model.model.layers.0.self_attn.k_proj.lora_B.weight': Parameter containing:
tensor([[ 2.5329e-04, -1.4415e-03, -9.9625e-04,  ..., -1.0127e-04,
          1.0756e-03, -2.4042e-03],
        [ 5.2647e-04,  2.1125e-05,  2.6154e-03,  ..., -1.7790e-03,
         -1.2586e-03, -1.3589e-03],
        [ 7.8381e-06, -1.3673e-04,  2.2195e-03,  ...,  2.5313e-04,
         -1.5009e-03, -4.1576e-04],
        ...,
        [-1.4737e-03, -1.0360e-03,  9.4998e-04,  ...,  5.4352e-04,
          3.7084e-04,  1.1645e-03],
        [ 9.7280e-04, -1.8645e-03,  1.1375e-03,  ...,  1.3267e-03,
          1.9265e-03,  3.3402e-04],
        [-1.4911e-03, -1.2935e-03,  1.0898e-03,  ...,  1.6596e-03,
         -2.2707e-06,  4.9623e-04]], device='cuda:0', requires_grad=True), 'base_model.model.model.layers.0.self_attn.v_proj.lora_A.weight': Parameter containing:
tensor([[ 1.4230e-02,  9.2668e-03,  3.9139e-03,  ...,  9.2166e-05,
         -1.3503e-03, -1.7191e-02],
        [ 5.0238e-03, -1.3273e-02, -1.3308e-02,  ..., -2.5699e-03,
          1.9726e-02,  4.0963e-03],
        [-1.0771e-02,  1.0882e-02, -1.7147e-02,  ..., -1.4131e-02,
          1.3652e-02, -1.2140e-02],
        ...,
        [-1.9350e-02,  1.4480e-02, -1.9564e-02,  ...,  2.0026e-02,
          1.2737e-03, -6.1280e-03],
        [-2.1794e-02, -1.3644e-02,  2.3692e-04,  ...,  8.9015e-03,
         -1.7141e-02, -3.5950e-03],
        [-1.5065e-03,  1.4416e-02, -2.0914e-02,  ...,  1.1430e-02,
          1.0834e-02, -1.4022e-02]], device='cuda:0', requires_grad=True), 'base_model.model.model.layers.0.self_attn.v_proj.lora_B.weight': Parameter containing:
tensor([[-1.7366e-03,  7.9929e-04,  1.7087e-04,  ...,  1.4968e-03,
         -1.0155e-03, -1.9163e-03],
        [-8.0132e-04,  2.7511e-05, -1.0051e-03,  ...,  3.0856e-05,
         -9.5522e-05, -5.3470e-04],
        [-9.8164e-04,  1.2926e-03, -7.4873e-04,  ..., -1.0244e-03,
          3.7774e-04, -1.5661e-03],
        ...,
        [ 3.7458e-03, -2.5034e-03,  2.2958e-03,  ..., -4.3065e-03,
          4.5714e-03,  3.3323e-03],
        [ 5.1980e-04, -3.0028e-03,  2.8588e-03,  ..., -6.6380e-05,
          6.7744e-05,  1.4090e-03],
        [ 4.1223e-03, -3.3922e-03,  2.2671e-03,  ..., -3.9255e-03,
          4.0632e-03,  4.3237e-03]], device='cuda:0', requires_grad=True), 'base_model.model.model.layers.0.self_attn.o_proj.lora_A.weight': Parameter containing:
tensor([[-0.0171, -0.0135, -0.0031,  ..., -0.0169, -0.0007, -0.0026],
        [-0.0171,  0.0180, -0.0225,  ...,  0.0089, -0.0057, -0.0103],
        [ 0.0232, -0.0027, -0.0195,  ...,  0.0138,  0.0065, -0.0053],
        ...,
        [-0.0127,  0.0168, -0.0070,  ...,  0.0046,  0.0051, -0.0162],
        [-0.0095,  0.0122, -0.0171,  ..., -0.0187, -0.0176, -0.0187],
        [-0.0144, -0.0131,  0.0031,  ..., -0.0182,  0.0131,  0.0202]],
       device='cuda:0', requires_grad=True), 'base_model.model.model.layers.0.self_attn.o_proj.lora_B.weight': Parameter containing:
tensor([[ 0.0008,  0.0001,  0.0031,  ...,  0.0020, -0.0006, -0.0014],
        [ 0.0003, -0.0007, -0.0006,  ..., -0.0011,  0.0006,  0.0009],
        [ 0.0008, -0.0008, -0.0011,  ...,  0.0003,  0.0012,  0.0006],
        ...,
        [-0.0012,  0.0008, -0.0011,  ..., -0.0008,  0.0002,  0.0031],
        [-0.0006, -0.0014, -0.0024,  ..., -0.0026,  0.0006,  0.0036],
        [ 0.0012,  0.0015,  0.0013,  ...,  0.0004, -0.0017,  0.0006]],
       device='cuda:0', requires_grad=True), 'base_model.model.model.layers.0.mlp.gate_proj.lora_A.weight': Parameter containing:
tensor([[-0.0139,  0.0039,  0.0124,  ...,  0.0158,  0.0177,  0.0170],
        [-0.0110, -0.0074, -0.0103,  ..., -0.0038,  0.0058,  0.0211],
        [-0.0086, -0.0007,  0.0078,  ..., -0.0111,  0.0118, -0.0113],
        ...,
        [-0.0009, -0.0022, -0.0150,  ..., -0.0160,  0.0161, -0.0195],
        [ 0.0100, -0.0227, -0.0183,  ..., -0.0183,  0.0208, -0.0171],
        [ 0.0043,  0.0116,  0.0086,  ...,  0.0145,  0.0046,  0.0071]],
       device='cuda:0', requires_grad=True), 'base_model.model.model.layers.0.mlp.gate_proj.lora_B.weight': Parameter containing:
tensor([[ 1.0920e-03, -6.5132e-04,  2.3053e-03,  ..., -1.0246e-03,
         -8.2164e-04,  1.1912e-03],
        [ 1.9252e-03, -1.3727e-03, -6.5838e-04,  ..., -5.2412e-04,
         -3.0160e-04, -1.3426e-03],
        [ 1.1953e-03, -1.4710e-03, -1.0023e-03,  ..., -5.2746e-04,
         -2.5080e-03, -2.8122e-03],
        ...,
        [-2.0974e-03,  1.1944e-03,  1.0622e-03,  ..., -1.0803e-03,
         -1.4647e-03, -3.5514e-03],
        [ 2.6853e-03, -3.8288e-03, -2.7077e-03,  ...,  2.1196e-03,
         -1.3613e-03, -2.9323e-03],
        [ 1.1428e-03,  6.9712e-04, -5.0409e-04,  ...,  8.9035e-05,
         -2.3258e-03, -2.9184e-03]], device='cuda:0', requires_grad=True), 'base_model.model.model.layers.0.mlp.down_proj.lora_A.weight': Parameter containing:
tensor([[ 0.0038,  0.0073, -0.0047,  ...,  0.0050, -0.0059, -0.0017],
        [ 0.0003, -0.0061, -0.0064,  ..., -0.0045, -0.0097, -0.0060],
        [ 0.0025, -0.0003, -0.0023,  ..., -0.0002, -0.0072, -0.0018],
        ...,
        [-0.0050,  0.0039, -0.0035,  ...,  0.0065, -0.0063, -0.0094],
        [-0.0098, -0.0016,  0.0059,  ...,  0.0004, -0.0046, -0.0023],
        [-0.0010, -0.0004, -0.0051,  ...,  0.0017, -0.0039,  0.0058]],
       device='cuda:0', requires_grad=True), 'base_model.model.model.layers.0.mlp.down_proj.lora_B.weight': Parameter containing:
tensor([[ 1.2520e-03, -1.9191e-03, -1.1019e-03,  ...,  1.0592e-03,
          2.2620e-03,  1.1739e-03],
        [ 4.2927e-04, -2.2417e-03,  6.7845e-04,  ...,  1.6938e-03,
          1.9882e-03,  1.4372e-03],
        [ 8.3458e-04, -8.3198e-04,  2.9491e-04,  ..., -1.8859e-03,
          8.1535e-04,  9.3634e-04],
        ...,
        [ 2.1129e-03, -7.5492e-04, -1.2688e-03,  ...,  5.2461e-04,
          5.8833e-04,  6.9982e-04],
        [-3.5401e-04,  1.3376e-03,  3.4801e-03,  ..., -4.1485e-03,
         -1.4898e-03,  3.6270e-04],
        [-8.5308e-06,  2.2797e-04, -2.4806e-03,  ...,  1.9271e-03,
         -2.0775e-04, -1.2838e-04]], device='cuda:0', requires_grad=True), 'base_model.model.model.layers.0.mlp.up_proj.lora_A.weight': Parameter containing:
tensor([[-0.0054,  0.0109,  0.0021,  ..., -0.0091, -0.0130,  0.0115],
        [ 0.0182, -0.0006, -0.0163,  ..., -0.0047,  0.0140, -0.0077],
        [ 0.0071, -0.0076, -0.0148,  ...,  0.0183,  0.0102, -0.0099],
        ...,
        [-0.0034,  0.0002, -0.0180,  ..., -0.0241,  0.0118,  0.0084],
        [-0.0162,  0.0171,  0.0042,  ..., -0.0119, -0.0199,  0.0147],
        [-0.0199, -0.0034, -0.0122,  ..., -0.0142,  0.0238, -0.0058]],
       device='cuda:0', requires_grad=True), 'base_model.model.model.layers.0.mlp.up_proj.lora_B.weight': Parameter containing:
tensor([[-0.0029,  0.0003, -0.0029,  ...,  0.0002,  0.0006, -0.0019],
        [ 0.0022,  0.0024,  0.0025,  ...,  0.0011,  0.0003,  0.0023],
        [ 0.0011,  0.0003,  0.0018,  ...,  0.0007,  0.0003,  0.0013],
        ...,
        [ 0.0021, -0.0003, -0.0006,  ...,  0.0005, -0.0004,  0.0013],
        [ 0.0024,  0.0036,  0.0033,  ..., -0.0004, -0.0033,  0.0037],
        [-0.0001,  0.0022,  0.0026,  ...,  0.0005, -0.0003,  0.0006]],
       device='cuda:0', requires_grad=True), 'base_model.model.model.layers.1.self_attn.q_proj.lora_A.weight': Parameter containing:
tensor([[-0.0045,  0.0096, -0.0071,  ...,  0.0147, -0.0006, -0.0235],
        [-0.0218, -0.0215,  0.0147,  ..., -0.0058, -0.0034, -0.0080],
        [ 0.0071,  0.0184, -0.0010,  ..., -0.0144,  0.0155, -0.0118],
        ...,
        [-0.0054, -0.0100, -0.0132,  ...,  0.0118,  0.0135, -0.0131],
        [-0.0120, -0.0186,  0.0197,  ..., -0.0023,  0.0013, -0.0195],
        [ 0.0247,  0.0197, -0.0108,  ...,  0.0232, -0.0112, -0.0140]],
       device='cuda:0', requires_grad=True), 'base_model.model.model.layers.1.self_attn.q_proj.lora_B.weight': Parameter containing:
tensor([[ 7.9786e-04,  3.0357e-04, -2.1024e-03,  ..., -2.1695e-03,
         -1.4845e-03, -2.3179e-05],
        [-1.4873e-03, -2.9501e-03, -3.6486e-03,  ..., -4.1166e-03,
         -1.7645e-03, -2.9889e-03],
        [-1.6234e-03, -1.2258e-03,  9.7743e-04,  ...,  7.4258e-04,
          5.5054e-04,  1.8713e-03],
        ...,
        [ 2.4600e-03,  2.6592e-03,  2.4064e-03,  ...,  6.4798e-04,
          1.4543e-03,  6.7216e-04],
        [-1.0012e-03, -3.4549e-04, -5.6543e-04,  ..., -1.9740e-03,
         -1.5712e-04, -1.9493e-03],
        [ 2.6458e-03,  1.9663e-03,  1.8446e-03,  ..., -1.6046e-05,
          1.4450e-03, -1.8260e-04]], device='cuda:0', requires_grad=True), 'base_model.model.model.layers.1.self_attn.k_proj.lora_A.weight': Parameter containing:
tensor([[-0.0156,  0.0219, -0.0152,  ...,  0.0132,  0.0147,  0.0066],
        [ 0.0132,  0.0020, -0.0133,  ..., -0.0006, -0.0067,  0.0060],
        [ 0.0193, -0.0202, -0.0118,  ..., -0.0033,  0.0038, -0.0177],
        ...,
        [-0.0078,  0.0056, -0.0102,  ..., -0.0005,  0.0115, -0.0067],
        [-0.0134, -0.0073,  0.0006,  ...,  0.0101, -0.0049, -0.0117],
        [ 0.0062,  0.0092, -0.0099,  ...,  0.0013, -0.0039, -0.0123]],
       device='cuda:0', requires_grad=True), 'base_model.model.model.layers.1.self_attn.k_proj.lora_B.weight': Parameter containing:
tensor([[-7.4765e-06, -8.0973e-04,  1.7505e-03,  ...,  4.9020e-04,
         -1.0578e-03,  4.7871e-04],
        [-6.6059e-04, -3.3603e-04, -1.8886e-03,  ..., -5.1077e-04,
          1.1748e-03, -1.3199e-03],
        [-1.6609e-03,  1.0785e-03, -3.9790e-04,  ..., -6.3869e-04,
          9.1142e-04,  2.1760e-03],
        ...,
        [-3.0693e-03,  2.1266e-03,  2.2438e-03,  ...,  2.7095e-03,
          2.5931e-03,  2.9256e-03],
        [ 6.6373e-04, -1.0047e-03,  3.0206e-04,  ...,  5.4820e-04,
         -2.6091e-03,  9.8373e-04],
        [-3.2462e-03,  3.5376e-03,  2.1699e-03,  ...,  3.0421e-03,
          3.0616e-03,  1.5480e-03]], device='cuda:0', requires_grad=True), 'base_model.model.model.layers.1.self_attn.v_proj.lora_A.weight': Parameter containing:
tensor([[ 0.0092,  0.0102,  0.0188,  ...,  0.0051, -0.0201, -0.0133],
        [-0.0173, -0.0202,  0.0205,  ...,  0.0211, -0.0074, -0.0087],
        [-0.0071, -0.0063, -0.0084,  ..., -0.0170, -0.0177, -0.0192],
        ...,
        [ 0.0179,  0.0122,  0.0189,  ...,  0.0118,  0.0110,  0.0066],
        [-0.0140,  0.0125, -0.0032,  ..., -0.0192, -0.0134,  0.0146],
        [-0.0131, -0.0075,  0.0025,  ..., -0.0165, -0.0168, -0.0122]],
       device='cuda:0', requires_grad=True), 'base_model.model.model.layers.1.self_attn.v_proj.lora_B.weight': Parameter containing:
tensor([[ 0.0023, -0.0029,  0.0009,  ..., -0.0008,  0.0019, -0.0027],
        [-0.0009, -0.0005, -0.0024,  ...,  0.0022, -0.0019,  0.0006],
        [-0.0005, -0.0001, -0.0003,  ...,  0.0010, -0.0011,  0.0013],
        ...,
        [-0.0016,  0.0024,  0.0006,  ..., -0.0007,  0.0001,  0.0031],
        [ 0.0007,  0.0017, -0.0012,  ...,  0.0015, -0.0008, -0.0004],
        [ 0.0006,  0.0020,  0.0012,  ..., -0.0014,  0.0012, -0.0006]],
       device='cuda:0', requires_grad=True), 'base_model.model.model.layers.1.self_attn.o_proj.lora_A.weight': Parameter containing:
tensor([[ 0.0082, -0.0087, -0.0034,  ..., -0.0169, -0.0124,  0.0165],
        [ 0.0110,  0.0018,  0.0135,  ..., -0.0078, -0.0024, -0.0010],
        [ 0.0108,  0.0018, -0.0092,  ...,  0.0119, -0.0161, -0.0032],
        ...,
        [ 0.0120,  0.0159,  0.0182,  ..., -0.0101, -0.0205,  0.0177],
        [-0.0170, -0.0115,  0.0158,  ...,  0.0212,  0.0102,  0.0200],
        [-0.0046, -0.0203,  0.0128,  ..., -0.0175,  0.0003,  0.0105]],
       device='cuda:0', requires_grad=True), 'base_model.model.model.layers.1.self_attn.o_proj.lora_B.weight': Parameter containing:
tensor([[ 0.0012, -0.0017,  0.0006,  ...,  0.0003,  0.0009,  0.0001],
        [ 0.0017,  0.0029, -0.0011,  ...,  0.0022, -0.0004, -0.0015],
        [ 0.0020,  0.0003,  0.0015,  ..., -0.0014, -0.0027,  0.0017],
        ...,
        [ 0.0011,  0.0013, -0.0001,  ...,  0.0017, -0.0001, -0.0014],
        [ 0.0008, -0.0005,  0.0032,  ..., -0.0032, -0.0006,  0.0019],
        [-0.0012, -0.0007, -0.0017,  ...,  0.0016,  0.0015, -0.0013]],
       device='cuda:0', requires_grad=True), 'base_model.model.model.layers.1.mlp.gate_proj.lora_A.weight': Parameter containing:
tensor([[-0.0207, -0.0120,  0.0038,  ...,  0.0218, -0.0099,  0.0165],
        [ 0.0020, -0.0224,  0.0137,  ..., -0.0132, -0.0065, -0.0113],
        [-0.0039, -0.0129,  0.0129,  ...,  0.0118,  0.0057, -0.0122],
        ...,
        [ 0.0200, -0.0079,  0.0166,  ...,  0.0115, -0.0105, -0.0068],
        [-0.0067, -0.0048,  0.0161,  ..., -0.0215,  0.0104, -0.0130],
        [ 0.0079,  0.0069, -0.0008,  ..., -0.0113,  0.0182, -0.0102]],
       device='cuda:0', requires_grad=True), 'base_model.model.model.layers.1.mlp.gate_proj.lora_B.weight': Parameter containing:
tensor([[ 1.0074e-03,  1.8547e-03, -2.3070e-05,  ...,  4.9436e-04,
          2.2822e-03, -1.1165e-03],
        [-8.0880e-04,  4.7697e-04, -1.7865e-04,  ..., -1.5858e-03,
          1.7346e-04,  1.1364e-03],
        [ 2.9170e-03,  1.0122e-03, -1.0232e-03,  ...,  8.1915e-05,
          2.5189e-03,  1.2199e-03],
        ...,
        [-9.1901e-04, -3.6915e-05,  1.7195e-03,  ...,  1.0496e-03,
         -1.3897e-04, -1.9696e-03],
        [ 3.6404e-04, -2.0874e-04,  1.6961e-04,  ..., -4.8229e-05,
         -1.1544e-03,  1.1457e-04],
        [-1.0936e-03,  8.0505e-04,  2.9512e-04,  ...,  1.9376e-03,
         -5.9920e-04, -1.2250e-03]], device='cuda:0', requires_grad=True), 'base_model.model.model.layers.1.mlp.down_proj.lora_A.weight': Parameter containing:
tensor([[ 1.3539e-04, -1.8379e-03,  3.1775e-03,  ..., -4.1427e-03,
         -8.7136e-03,  2.3536e-03],
        [ 6.8617e-03, -6.6421e-03,  8.1389e-05,  ..., -3.4766e-03,
          6.1902e-03,  4.8774e-03],
        [-1.5430e-03, -1.3186e-03,  7.3502e-03,  ..., -5.0748e-03,
          3.4934e-03,  4.8293e-03],
        ...,
        [-5.2550e-03, -2.3801e-04, -5.0840e-03,  ..., -1.7218e-03,
          8.0084e-03,  2.8209e-03],
        [ 5.7642e-05,  2.7539e-03,  4.3539e-03,  ..., -6.9713e-03,
         -6.3781e-03, -6.1834e-03],
        [-4.1181e-03,  5.0537e-03, -5.5795e-03,  ...,  6.0906e-03,
          8.3326e-03,  4.0335e-03]], device='cuda:0', requires_grad=True), 'base_model.model.model.layers.1.mlp.down_proj.lora_B.weight': Parameter containing:
tensor([[-4.0803e-04, -4.6420e-04, -3.9813e-04,  ..., -3.5749e-04,
         -1.7608e-05,  1.1442e-04],
        [-1.3609e-05,  1.0256e-03, -7.6801e-04,  ...,  8.2591e-04,
         -1.9473e-04,  3.2602e-04],
        [-1.4348e-03, -4.0324e-04, -9.3613e-04,  ..., -1.7347e-04,
         -1.9994e-04,  1.0416e-03],
        ...,
        [-5.9411e-04,  2.1201e-03, -1.0633e-03,  ...,  2.1157e-03,
         -1.6963e-03,  1.2558e-03],
        [-1.9135e-03,  1.0162e-03, -1.6375e-03,  ...,  9.1583e-04,
         -1.4353e-03,  1.3251e-03],
        [ 4.8302e-04, -1.0375e-03,  1.0885e-03,  ..., -8.9923e-04,
          7.6874e-04, -9.6324e-04]], device='cuda:0', requires_grad=True), 'base_model.model.model.layers.1.mlp.up_proj.lora_A.weight': Parameter containing:
tensor([[-0.0181,  0.0172, -0.0047,  ...,  0.0157,  0.0146,  0.0008],
        [ 0.0165,  0.0032,  0.0093,  ..., -0.0014,  0.0025,  0.0158],
        [-0.0234,  0.0077, -0.0030,  ...,  0.0168, -0.0045, -0.0107],
        ...,
        [-0.0188, -0.0142, -0.0078,  ...,  0.0169, -0.0066, -0.0161],
        [-0.0181,  0.0196,  0.0195,  ..., -0.0227,  0.0060,  0.0141],
        [-0.0191,  0.0175, -0.0145,  ...,  0.0134,  0.0109, -0.0218]],
       device='cuda:0', requires_grad=True), 'base_model.model.model.layers.1.mlp.up_proj.lora_B.weight': Parameter containing:
tensor([[ 2.8037e-03, -1.9541e-03, -3.6652e-03,  ...,  2.5813e-03,
         -2.3770e-04, -1.4550e-03],
        [ 7.6755e-04, -4.9007e-04, -1.7889e-03,  ..., -2.7257e-05,
          5.3587e-04, -8.3753e-04],
        [ 2.1871e-03, -1.5082e-03, -1.4904e-03,  ...,  2.5048e-03,
          3.8688e-04, -2.5049e-03],
        ...,
        [-1.3052e-03,  1.7434e-03,  3.9238e-04,  ..., -1.9528e-03,
         -4.8844e-04,  6.4936e-04],
        [ 4.0097e-05,  3.5500e-04, -6.5332e-04,  ..., -7.3131e-04,
         -1.3684e-03, -7.8595e-04],
        [ 4.4035e-04, -1.0813e-03, -1.6619e-03,  ...,  1.2732e-03,
          2.1594e-03, -1.3374e-03]], device='cuda:0', requires_grad=True), 'base_model.model.model.layers.2.self_attn.q_proj.lora_A.weight': Parameter containing:
tensor([[ 0.0014, -0.0154,  0.0050,  ...,  0.0122,  0.0094, -0.0213],
        [-0.0022, -0.0063, -0.0176,  ..., -0.0074, -0.0033, -0.0085],
        [-0.0093,  0.0025,  0.0027,  ..., -0.0103,  0.0099, -0.0015],
        ...,
        [-0.0117, -0.0032,  0.0144,  ..., -0.0043, -0.0084, -0.0087],
        [ 0.0076, -0.0113,  0.0050,  ..., -0.0116, -0.0177,  0.0014],
        [ 0.0099,  0.0161,  0.0119,  ..., -0.0040, -0.0074,  0.0044]],
       device='cuda:0', requires_grad=True), 'base_model.model.model.layers.2.self_attn.q_proj.lora_B.weight': Parameter containing:
tensor([[ 2.6505e-04,  3.8260e-04,  2.9634e-03,  ..., -1.4173e-03,
         -3.3013e-04,  3.5919e-03],
        [ 1.1004e-03, -3.7791e-05, -6.3334e-04,  ..., -8.3293e-04,
          3.2124e-04, -3.1416e-03],
        [-3.6108e-03, -2.0656e-04,  1.4817e-03,  ...,  1.5719e-03,
          5.9196e-04,  1.0061e-03],
        ...,
        [-1.0285e-03, -1.3020e-03, -1.9603e-04,  ...,  3.6865e-05,
          2.2568e-04,  1.1567e-03],
        [ 3.6725e-04,  1.4212e-04, -2.9754e-04,  ..., -1.0043e-03,
          8.0311e-04, -6.3585e-04],
        [-8.9909e-06, -5.8877e-04,  1.8664e-03,  ...,  2.1552e-04,
         -1.0659e-03,  1.2438e-04]], device='cuda:0', requires_grad=True), 'base_model.model.model.layers.2.self_attn.k_proj.lora_A.weight': Parameter containing:
tensor([[ 0.0165,  0.0054, -0.0183,  ..., -0.0191, -0.0042, -0.0067],
        [-0.0202,  0.0196, -0.0034,  ...,  0.0174,  0.0129,  0.0032],
        [ 0.0104,  0.0177, -0.0195,  ...,  0.0153,  0.0136,  0.0098],
        ...,
        [-0.0041,  0.0169,  0.0149,  ..., -0.0209,  0.0147,  0.0219],
        [-0.0122, -0.0109,  0.0091,  ...,  0.0001,  0.0206, -0.0224],
        [-0.0092,  0.0140,  0.0043,  ...,  0.0158,  0.0092, -0.0067]],
       device='cuda:0', requires_grad=True), 'base_model.model.model.layers.2.self_attn.k_proj.lora_B.weight': Parameter containing:
tensor([[ 1.6983e-03,  3.9773e-04,  1.3734e-03,  ...,  5.8522e-04,
         -2.2947e-03, -2.6997e-03],
        [ 1.1642e-03, -3.2963e-03,  8.0649e-04,  ...,  1.5940e-03,
          2.7628e-04,  4.5430e-04],
        [-1.2642e-03, -9.4475e-05, -9.2282e-04,  ..., -4.0816e-04,
          5.0186e-04,  2.1739e-04],
        ...,
        [-2.6943e-03, -2.7480e-03, -9.4065e-04,  ..., -2.9243e-03,
          2.8915e-03,  2.7028e-03],
        [ 1.5218e-03, -5.9488e-04, -2.7038e-04,  ...,  1.5383e-03,
         -9.6707e-04, -1.0363e-03],
        [ 2.2929e-03, -1.3529e-05,  1.3561e-03,  ...,  2.9598e-03,
         -3.0008e-03, -2.6146e-03]], device='cuda:0', requires_grad=True), 'base_model.model.model.layers.2.self_attn.v_proj.lora_A.weight': Parameter containing:
tensor([[-0.0207, -0.0096,  0.0227,  ...,  0.0009, -0.0103,  0.0176],
        [-0.0202, -0.0075, -0.0002,  ..., -0.0185,  0.0220, -0.0116],
        [ 0.0012, -0.0084,  0.0130,  ...,  0.0110, -0.0109,  0.0170],
        ...,
        [ 0.0226, -0.0149,  0.0035,  ...,  0.0188, -0.0071, -0.0128],
        [ 0.0043, -0.0181,  0.0051,  ..., -0.0188,  0.0181,  0.0167],
        [ 0.0053, -0.0171, -0.0122,  ...,  0.0159,  0.0161, -0.0097]],
       device='cuda:0', requires_grad=True), 'base_model.model.model.layers.2.self_attn.v_proj.lora_B.weight': Parameter containing:
tensor([[ 9.5004e-05, -3.4684e-04, -5.3017e-04,  ..., -5.0692e-04,
          8.2288e-04,  7.5593e-04],
        [ 8.2959e-04,  1.8596e-03, -5.1739e-04,  ...,  1.9727e-03,
          9.8148e-04,  1.6537e-03],
        [ 4.1575e-04, -1.2481e-03, -1.1212e-03,  ..., -1.3058e-04,
         -1.3136e-04, -1.1093e-03],
        ...,
        [-6.7030e-04, -2.2986e-03, -1.4467e-03,  ..., -1.3273e-03,
         -9.0145e-04, -1.6162e-03],
        [-6.9235e-04, -7.7807e-04,  1.8828e-03,  ...,  1.2048e-03,
         -6.9861e-04,  2.9378e-04],
        [ 7.2196e-04, -5.6342e-04,  9.6175e-04,  ..., -3.5599e-04,
          3.6778e-04, -4.7921e-05]], device='cuda:0', requires_grad=True), 'base_model.model.model.layers.2.self_attn.o_proj.lora_A.weight': Parameter containing:
tensor([[ 0.0172, -0.0181,  0.0021,  ...,  0.0116, -0.0045, -0.0122],
        [-0.0213, -0.0220, -0.0220,  ...,  0.0053, -0.0113, -0.0085],
        [ 0.0038, -0.0106, -0.0079,  ..., -0.0164, -0.0108, -0.0006],
        ...,
        [ 0.0098,  0.0052, -0.0006,  ...,  0.0047,  0.0179,  0.0196],
        [-0.0080,  0.0074, -0.0165,  ...,  0.0182,  0.0156, -0.0204],
        [ 0.0174,  0.0163,  0.0041,  ..., -0.0135, -0.0003,  0.0096]],
       device='cuda:0', requires_grad=True), 'base_model.model.model.layers.2.self_attn.o_proj.lora_B.weight': Parameter containing:
tensor([[ 1.7279e-05, -1.1738e-03, -5.2484e-04,  ..., -6.5531e-04,
         -2.7939e-04,  2.8159e-04],
        [ 9.6687e-05,  2.7981e-04, -2.1907e-04,  ..., -5.6296e-05,
         -6.6601e-04,  2.8278e-04],
        [ 2.0713e-03,  1.6499e-03,  7.0495e-04,  ..., -1.2099e-03,
          2.7465e-03, -7.2414e-04],
        ...,
        [-2.2487e-03, -8.5273e-05,  8.7756e-04,  ...,  1.7052e-03,
          8.6670e-05, -2.0698e-04],
        [ 1.7015e-03, -2.4362e-03, -2.4249e-03,  ..., -2.3614e-03,
         -3.0788e-04,  2.5355e-03],
        [-1.0929e-03,  9.2024e-04,  1.5026e-03,  ...,  1.2248e-03,
          1.4326e-03, -3.8454e-04]], device='cuda:0', requires_grad=True), 'base_model.model.model.layers.2.mlp.gate_proj.lora_A.weight': Parameter containing:
tensor([[ 0.0109,  0.0104, -0.0050,  ...,  0.0207,  0.0088, -0.0064],
        [ 0.0148,  0.0134, -0.0095,  ..., -0.0178,  0.0045,  0.0171],
        [-0.0196,  0.0015,  0.0114,  ...,  0.0108,  0.0085,  0.0123],
        ...,
        [ 0.0162,  0.0126,  0.0182,  ..., -0.0218,  0.0016,  0.0133],
        [ 0.0034, -0.0052, -0.0106,  ...,  0.0173, -0.0184, -0.0031],
        [ 0.0169, -0.0099, -0.0052,  ...,  0.0161,  0.0083,  0.0046]],
       device='cuda:0', requires_grad=True), 'base_model.model.model.layers.2.mlp.gate_proj.lora_B.weight': Parameter containing:
tensor([[-2.4511e-03, -4.0391e-04,  1.1640e-03,  ...,  1.5149e-03,
          5.9556e-04,  9.5941e-04],
        [ 2.9292e-04, -4.0363e-04, -1.7242e-03,  ...,  4.1665e-06,
         -2.8026e-04,  9.4653e-04],
        [-9.4342e-04, -1.8995e-04, -5.6584e-04,  ...,  1.6329e-04,
          9.7118e-04, -6.3700e-04],
        ...,
        [ 6.7640e-04,  4.3873e-04,  1.3050e-04,  ..., -3.2774e-03,
         -1.1335e-03,  2.7405e-04],
        [-1.3633e-03, -3.5825e-04,  1.2748e-03,  ...,  3.4133e-04,
         -1.5076e-04, -4.0016e-04],
        [-1.8037e-03, -1.0002e-04, -2.3130e-03,  ..., -9.6993e-04,
         -5.8195e-04,  9.0369e-04]], device='cuda:0', requires_grad=True), 'base_model.model.model.layers.2.mlp.down_proj.lora_A.weight': Parameter containing:
tensor([[ 0.0052,  0.0067,  0.0058,  ...,  0.0006, -0.0051, -0.0013],
        [-0.0034, -0.0034, -0.0001,  ...,  0.0024,  0.0048,  0.0091],
        [-0.0036, -0.0056,  0.0052,  ..., -0.0038, -0.0043, -0.0033],
        ...,
        [ 0.0015, -0.0017,  0.0007,  ...,  0.0013,  0.0043, -0.0044],
        [ 0.0033, -0.0078, -0.0074,  ...,  0.0060,  0.0067, -0.0036],
        [-0.0089,  0.0011, -0.0066,  ..., -0.0006, -0.0087,  0.0024]],
       device='cuda:0', requires_grad=True), 'base_model.model.model.layers.2.mlp.down_proj.lora_B.weight': Parameter containing:
tensor([[-1.9875e-03, -7.7405e-04,  7.9362e-04,  ..., -7.0000e-04,
          2.3168e-04,  7.8650e-04],
        [ 5.3832e-04,  1.0165e-03,  2.3810e-04,  ..., -1.2620e-03,
         -1.2221e-03, -2.2913e-04],
        [ 1.1386e-04,  1.3284e-03,  1.5464e-03,  ..., -8.5561e-04,
          9.6793e-04, -1.0946e-03],
        ...,
        [-1.3972e-04, -3.3458e-04, -2.1050e-04,  ...,  3.5646e-04,
         -9.6539e-04,  2.2856e-04],
        [ 5.4455e-04,  5.0309e-04, -2.4247e-03,  ...,  2.9190e-03,
         -3.6060e-04,  1.2144e-03],
        [-1.0315e-03,  3.5063e-05,  8.6780e-04,  ..., -1.0789e-03,
          7.6283e-04,  4.5986e-04]], device='cuda:0', requires_grad=True), 'base_model.model.model.layers.2.mlp.up_proj.lora_A.weight': Parameter containing:
tensor([[ 0.0128, -0.0146, -0.0069,  ...,  0.0126,  0.0006, -0.0137],
        [ 0.0160,  0.0230, -0.0176,  ...,  0.0135,  0.0080, -0.0138],
        [ 0.0186, -0.0187,  0.0022,  ...,  0.0031, -0.0113, -0.0158],
        ...,
        [ 0.0087,  0.0066,  0.0138,  ..., -0.0219, -0.0142,  0.0205],
        [-0.0063, -0.0002, -0.0074,  ...,  0.0101, -0.0085,  0.0074],
        [ 0.0067,  0.0009,  0.0107,  ..., -0.0064, -0.0119,  0.0051]],
       device='cuda:0', requires_grad=True), 'base_model.model.model.layers.2.mlp.up_proj.lora_B.weight': Parameter containing:
tensor([[-0.0011,  0.0003, -0.0012,  ...,  0.0013, -0.0013, -0.0003],
        [ 0.0012,  0.0009, -0.0021,  ..., -0.0002,  0.0015, -0.0012],
        [-0.0026,  0.0018, -0.0023,  ...,  0.0009, -0.0010, -0.0019],
        ...,
        [-0.0032, -0.0016, -0.0017,  ...,  0.0021, -0.0023, -0.0017],
        [-0.0010, -0.0020, -0.0006,  ...,  0.0003,  0.0005,  0.0010],
        [-0.0013,  0.0015, -0.0012,  ..., -0.0007, -0.0014,  0.0007]],
       device='cuda:0', requires_grad=True), 'base_model.model.model.layers.3.self_attn.q_proj.lora_A.weight': Parameter containing:
tensor([[ 0.0206, -0.0114,  0.0033,  ..., -0.0002,  0.0119,  0.0055],
        [ 0.0149,  0.0075, -0.0052,  ...,  0.0135,  0.0185,  0.0215],
        [ 0.0063,  0.0064,  0.0070,  ..., -0.0143, -0.0217, -0.0107],
        ...,
        [ 0.0219,  0.0101, -0.0219,  ...,  0.0079, -0.0031,  0.0044],
        [-0.0137,  0.0041,  0.0053,  ...,  0.0083,  0.0046, -0.0006],
        [-0.0110,  0.0170,  0.0002,  ..., -0.0152,  0.0036,  0.0092]],
       device='cuda:0', requires_grad=True), 'base_model.model.model.layers.3.self_attn.q_proj.lora_B.weight': Parameter containing:
tensor([[-4.0221e-04,  8.8794e-04, -1.3854e-04,  ..., -4.0230e-04,
          1.0522e-03,  3.3864e-04],
        [ 4.1436e-04, -6.8236e-04,  1.4356e-03,  ..., -3.7913e-04,
         -4.3583e-04,  6.4461e-04],
        [ 4.4392e-04, -8.0897e-04, -1.7156e-04,  ..., -3.1551e-03,
          1.9347e-03, -2.4955e-03],
        ...,
        [ 2.7054e-04,  1.0389e-03, -1.9237e-03,  ..., -2.1112e-05,
         -8.7363e-04,  9.1623e-04],
        [ 2.8279e-03,  1.4010e-03, -4.4968e-04,  ..., -6.0562e-04,
          2.7443e-04, -6.9221e-05],
        [-2.1413e-03,  1.0452e-04, -5.2476e-04,  ...,  4.6244e-04,
         -1.1605e-04,  1.0896e-03]], device='cuda:0', requires_grad=True), 'base_model.model.model.layers.3.self_attn.k_proj.lora_A.weight': Parameter containing:
tensor([[ 0.0008,  0.0062, -0.0233,  ..., -0.0004, -0.0215,  0.0096],
        [-0.0180, -0.0207, -0.0036,  ..., -0.0214, -0.0162,  0.0141],
        [ 0.0010, -0.0123, -0.0195,  ...,  0.0159,  0.0127,  0.0096],
        ...,
        [-0.0090, -0.0188,  0.0073,  ..., -0.0092, -0.0197, -0.0141],
        [ 0.0073, -0.0096, -0.0146,  ..., -0.0107, -0.0136, -0.0149],
        [ 0.0077, -0.0160,  0.0023,  ..., -0.0128,  0.0200,  0.0193]],
       device='cuda:0', requires_grad=True), 'base_model.model.model.layers.3.self_attn.k_proj.lora_B.weight': Parameter containing:
tensor([[-7.7992e-04, -5.7329e-04, -1.4243e-03,  ..., -8.0636e-04,
          1.6892e-03,  1.0544e-03],
        [ 7.4762e-04,  6.6099e-05, -2.1532e-03,  ...,  1.2193e-03,
         -1.7829e-03,  4.3340e-04],
        [ 1.1289e-03, -2.5834e-03,  1.3229e-03,  ..., -3.3723e-03,
          1.1285e-03,  6.6092e-04],
        ...,
        [ 3.5541e-03, -1.0908e-03, -2.5099e-03,  ...,  8.0655e-04,
         -1.6908e-03,  2.8407e-03],
        [-1.7344e-03,  2.9064e-03,  4.9219e-04,  ..., -2.1430e-03,
          2.4680e-03, -3.1174e-03],
        [-8.3370e-04,  6.3490e-05, -2.0210e-04,  ...,  7.4839e-04,
          1.9215e-04, -3.9390e-04]], device='cuda:0', requires_grad=True), 'base_model.model.model.layers.3.self_attn.v_proj.lora_A.weight': Parameter containing:
tensor([[-0.0161, -0.0095,  0.0094,  ..., -0.0069,  0.0123, -0.0186],
        [-0.0010,  0.0170, -0.0113,  ...,  0.0185, -0.0094, -0.0042],
        [-0.0204, -0.0062, -0.0047,  ...,  0.0200, -0.0106, -0.0176],
        ...,
        [ 0.0184, -0.0099,  0.0122,  ...,  0.0048, -0.0130,  0.0046],
        [-0.0079,  0.0180, -0.0126,  ..., -0.0120,  0.0224, -0.0017],
        [-0.0083, -0.0162, -0.0146,  ..., -0.0164,  0.0059, -0.0163]],
       device='cuda:0', requires_grad=True), 'base_model.model.model.layers.3.self_attn.v_proj.lora_B.weight': Parameter containing:
tensor([[-5.4198e-04, -1.5534e-04, -1.1786e-03,  ...,  1.4231e-03,
         -3.5012e-04, -7.6230e-04],
        [ 1.6035e-03, -1.1172e-03, -3.8282e-04,  ..., -4.0211e-04,
          1.1639e-03,  1.1283e-03],
        [-1.0438e-03,  4.5386e-04, -4.0655e-04,  ..., -4.2808e-04,
         -9.5868e-04, -2.3250e-04],
        ...,
        [ 8.2739e-04,  4.1874e-03,  3.2591e-03,  ..., -2.8150e-04,
         -7.5301e-05, -3.6252e-03],
        [ 1.0125e-03, -1.7584e-03, -1.2576e-03,  ..., -2.2273e-04,
          1.7326e-03,  3.9459e-04],
        [-1.4114e-04,  2.4126e-04, -1.2544e-04,  ...,  7.2210e-04,
         -1.6996e-04, -6.2886e-05]], device='cuda:0', requires_grad=True), 'base_model.model.model.layers.3.self_attn.o_proj.lora_A.weight': Parameter containing:
tensor([[-0.0206, -0.0105, -0.0027,  ...,  0.0147,  0.0079, -0.0052],
        [ 0.0177,  0.0182, -0.0027,  ...,  0.0135, -0.0005, -0.0054],
        [ 0.0225,  0.0219, -0.0209,  ...,  0.0032,  0.0012,  0.0059],
        ...,
        [ 0.0201,  0.0150, -0.0196,  ...,  0.0014, -0.0200, -0.0142],
        [ 0.0112, -0.0116, -0.0019,  ...,  0.0211,  0.0076,  0.0057],
        [-0.0026, -0.0104, -0.0167,  ..., -0.0207, -0.0032, -0.0085]],
       device='cuda:0', requires_grad=True), 'base_model.model.model.layers.3.self_attn.o_proj.lora_B.weight': Parameter containing:
tensor([[ 1.2125e-04,  1.3956e-03,  2.5397e-03,  ...,  1.1038e-03,
          3.8243e-04, -2.5852e-03],
        [-1.8824e-03, -1.1589e-03, -2.9178e-04,  ..., -6.0140e-04,
          2.2465e-05, -4.3745e-06],
        [-1.2383e-03,  8.8985e-04,  1.5932e-03,  ...,  5.2563e-04,
          3.6761e-04, -2.1204e-03],
        ...,
        [ 9.4411e-04,  6.5213e-04,  1.3869e-03,  ..., -1.5984e-03,
         -1.8937e-03, -1.0777e-03],
        [ 1.0777e-03,  1.5166e-03,  1.0150e-03,  ...,  3.0297e-03,
          9.2774e-04, -1.5217e-03],
        [-1.9787e-04, -1.1872e-03, -1.6436e-03,  ..., -1.4812e-03,
         -2.7211e-03,  1.6545e-03]], device='cuda:0', requires_grad=True), 'base_model.model.model.layers.3.mlp.gate_proj.lora_A.weight': Parameter containing:
tensor([[-0.0031, -0.0189,  0.0162,  ..., -0.0181, -0.0167, -0.0183],
        [ 0.0188,  0.0180, -0.0172,  ...,  0.0096, -0.0106,  0.0162],
        [-0.0108,  0.0217,  0.0122,  ...,  0.0026, -0.0096,  0.0126],
        ...,
        [-0.0162, -0.0084, -0.0111,  ..., -0.0223,  0.0090,  0.0037],
        [-0.0125,  0.0017, -0.0062,  ...,  0.0042,  0.0153, -0.0104],
        [ 0.0020, -0.0002,  0.0215,  ..., -0.0125,  0.0020,  0.0195]],
       device='cuda:0', requires_grad=True), 'base_model.model.model.layers.3.mlp.gate_proj.lora_B.weight': Parameter containing:
tensor([[ 0.0014,  0.0016, -0.0016,  ..., -0.0015,  0.0014, -0.0004],
        [-0.0010,  0.0012,  0.0005,  ...,  0.0010,  0.0005, -0.0002],
        [ 0.0002,  0.0005,  0.0004,  ...,  0.0013,  0.0007, -0.0004],
        ...,
        [-0.0021, -0.0014, -0.0014,  ...,  0.0008, -0.0018, -0.0016],
        [-0.0025, -0.0015, -0.0012,  ..., -0.0007, -0.0027,  0.0012],
        [ 0.0005,  0.0005,  0.0008,  ...,  0.0026, -0.0004, -0.0015]],
       device='cuda:0', requires_grad=True), 'base_model.model.model.layers.3.mlp.down_proj.lora_A.weight': Parameter containing:
tensor([[ 0.0028,  0.0039, -0.0036,  ...,  0.0019, -0.0024, -0.0033],
        [ 0.0054, -0.0001, -0.0027,  ...,  0.0050, -0.0061, -0.0024],
        [ 0.0048, -0.0071, -0.0053,  ..., -0.0088, -0.0047, -0.0033],
        ...,
        [ 0.0014, -0.0006, -0.0077,  ..., -0.0013,  0.0049, -0.0036],
        [-0.0014, -0.0025, -0.0024,  ..., -0.0032,  0.0060, -0.0040],
        [ 0.0060,  0.0012,  0.0005,  ...,  0.0058,  0.0011, -0.0047]],
       device='cuda:0', requires_grad=True), 'base_model.model.model.layers.3.mlp.down_proj.lora_B.weight': Parameter containing:
tensor([[ 0.0022, -0.0011,  0.0009,  ...,  0.0012,  0.0017,  0.0018],
        [ 0.0007, -0.0012,  0.0008,  ...,  0.0010,  0.0004,  0.0010],
        [ 0.0004, -0.0006, -0.0006,  ...,  0.0002,  0.0003,  0.0002],
        ...,
        [-0.0017,  0.0020, -0.0020,  ..., -0.0022, -0.0021, -0.0020],
        [-0.0019,  0.0019, -0.0017,  ..., -0.0020, -0.0017, -0.0014],
        [ 0.0015, -0.0014,  0.0014,  ...,  0.0016,  0.0016,  0.0016]],
       device='cuda:0', requires_grad=True), 'base_model.model.model.layers.3.mlp.up_proj.lora_A.weight': Parameter containing:
tensor([[ 0.0196,  0.0211,  0.0165,  ..., -0.0183,  0.0091,  0.0196],
        [-0.0062, -0.0223, -0.0107,  ...,  0.0193,  0.0130,  0.0069],
        [-0.0194, -0.0194,  0.0123,  ..., -0.0111, -0.0180, -0.0191],
        ...,
        [-0.0173,  0.0139,  0.0045,  ..., -0.0120, -0.0051,  0.0174],
        [ 0.0161,  0.0089, -0.0029,  ...,  0.0186, -0.0016, -0.0156],
        [-0.0181, -0.0231,  0.0134,  ..., -0.0007,  0.0111, -0.0224]],
       device='cuda:0', requires_grad=True), 'base_model.model.model.layers.3.mlp.up_proj.lora_B.weight': Parameter containing:
tensor([[ 1.9221e-04, -1.1728e-04,  2.5961e-05,  ..., -7.6385e-04,
         -1.7319e-05,  4.0011e-04],
        [-5.5555e-04, -2.9870e-03, -3.4748e-03,  ...,  1.4134e-03,
         -2.3693e-03, -4.5618e-04],
        [ 1.3399e-03, -7.3404e-04,  5.1625e-04,  ..., -9.2667e-04,
          4.9467e-04, -1.0722e-03],
        ...,
        [-8.7481e-04,  1.2985e-03, -1.3361e-03,  ..., -1.0317e-03,
         -1.1473e-03,  1.2391e-03],
        [-1.9584e-03,  1.4487e-03, -2.7642e-03,  ..., -1.9392e-03,
         -2.8994e-03,  2.0743e-03],
        [-3.2594e-04,  1.0094e-03,  2.6442e-04,  ...,  4.4499e-04,
          2.0718e-04,  4.1535e-05]], device='cuda:0', requires_grad=True), 'base_model.model.model.layers.4.self_attn.q_proj.lora_A.weight': Parameter containing:
tensor([[ 0.0067, -0.0209,  0.0043,  ..., -0.0090, -0.0024,  0.0067],
        [ 0.0119,  0.0012,  0.0097,  ..., -0.0170,  0.0070, -0.0161],
        [ 0.0174,  0.0216, -0.0092,  ..., -0.0211,  0.0189, -0.0020],
        ...,
        [-0.0157, -0.0008,  0.0066,  ...,  0.0219,  0.0050,  0.0050],
        [ 0.0081, -0.0023, -0.0167,  ..., -0.0190,  0.0057, -0.0151],
        [ 0.0090, -0.0013,  0.0002,  ..., -0.0014,  0.0082, -0.0161]],
       device='cuda:0', requires_grad=True), 'base_model.model.model.layers.4.self_attn.q_proj.lora_B.weight': Parameter containing:
tensor([[ 5.5601e-04, -1.2351e-03,  9.1091e-04,  ..., -8.3618e-05,
         -5.8700e-04,  1.6244e-03],
        [ 4.8759e-04, -1.1334e-03,  2.8025e-04,  ..., -1.5375e-04,
         -4.9391e-04,  1.3117e-03],
        [ 3.0459e-04, -1.2146e-03,  6.4737e-04,  ..., -3.2546e-05,
         -6.0421e-04,  1.8533e-03],
        ...,
        [-5.5099e-05,  1.1729e-03, -1.0050e-03,  ...,  1.6534e-04,
         -1.1919e-03, -9.7082e-04],
        [ 5.5891e-04, -6.5738e-04,  4.7808e-04,  ...,  3.2272e-04,
          1.0929e-03,  9.5577e-04],
        [-1.8522e-03, -6.0319e-05,  1.5475e-03,  ..., -1.3361e-03,
         -5.3777e-04, -1.4942e-03]], device='cuda:0', requires_grad=True), 'base_model.model.model.layers.4.self_attn.k_proj.lora_A.weight': Parameter containing:
tensor([[ 0.0007,  0.0107, -0.0167,  ..., -0.0016,  0.0142,  0.0101],
        [-0.0088, -0.0219, -0.0080,  ..., -0.0184,  0.0189, -0.0199],
        [ 0.0210, -0.0079, -0.0171,  ...,  0.0031,  0.0059, -0.0133],
        ...,
        [-0.0186,  0.0073,  0.0090,  ...,  0.0161, -0.0196, -0.0080],
        [-0.0008, -0.0156,  0.0093,  ..., -0.0072,  0.0003, -0.0077],
        [ 0.0101,  0.0001, -0.0105,  ..., -0.0160, -0.0215,  0.0063]],
       device='cuda:0', requires_grad=True), ...}